# Koala (colonne x ligne) Tigre (colonne x ligne)
41      
167 174 183 188
176 202 196 201
193 191 209 194
181 176 196 183
324 205 308 185
343 215 323 187
353 201 337 174
343 187 321 172
259 293 274 324
297 289 309 303
305 193 299 286
270 167 274 292
234 180 244 291
219 268 243 300
43 29 57 57
46 144 66 125
94 185 92 171
169 42 150 66
99 10 97 39
352 63 332 57
433 45 378 18
479 72 419 20
475 162 438 63
400 223 406 148
204 283 241 362
305 296 305 354
246 342 280 402
96 260 63 216
392 277 446 216
263 54 250 46
119 296 100 396
351 346 471 325
91 218 47 335
0 0 0 0
0 511 0 511
511 0 511 0
511 511 511 511
0 255 0 255
255 0 255 0
511 255 511 255
255 511 255 511
