#72
17 29 38
30 37 34
40 30 34
39 31 36
31 40 36
26 30 40
31 26 40
14 18 33
18 38 33
18 17 38
3 29 17
30 32 37
15 16 17
18 15 17
15 18 14
37 15 33
15 14 33
28 31 39
23 28 39
38 20 35
26 24 30
28 9 31
16 0 17
0 3 17
32 27 37
27 15 37
15 27 16
27 32 30
4 7 29
22 39 35
22 23 39
19 7 23
22 19 23
19 22 20
7 19 29
29 19 38
19 20 38
25 26 31
9 25 31
1 0 16
27 1 16
0 1 3
3 2 29
2 4 29
2 1 12
1 2 3
11 2 12
2 11 4
10 9 28
10 11 9
11 10 4
4 5 7
5 10 28
10 5 4
20 21 35
21 22 35
22 21 20
8 25 9
8 24 26
25 8 26
11 8 9
13 27 30
13 1 27
24 13 30
1 13 12
8 13 24
13 11 12
13 8 11
6 28 23
6 5 28
7 6 23
5 6 7
